805247239
2359014411
3371742754
331430151
1314676811
5261961676
4067095094
2350316595
459598472
867699376
2349355512
222225234
3161677598
3093872634
5349457996
3458030230
6778336426
1329091885
3094036849
219507157
5253587299
2419978310
951268579
930613664
3069039967
2967666427
2451850871
2312697944
2944383217
1545200300
2357890581
3342109548
2349975400
5243974790
2338182341
3177441988
2319147864
234767939
4305926171
6080483164
3448566008
3381757844
5390385915
1575788810
5837429257
3365809016
2309997221
5309838823
234421120
3469463751
5603165261
5066908864
4328714538
6686585226
5506713845
2311665221
3392117441
4930147773
1486922947
1057161696
78933381
1702423851
6737355535
4187261188
6900591788
2450614891
6014363803
672103291
4789155145
2317828597
117841321
79306093
3224115639
3105809164
5229991279
2314087012
3348849327
3074856280
3206460753
3340483978
629520743
3356782544
6445622740
2405261446
3479785356
3006416027
5991659622
5364716867
26040128
4223394522
4420401311
924633875
3334042961
3191049225
1630817388
3191918972
78945043
2350880957
3188909467
3277392046
6713738984
6768551792
5243950813
6523262926
2419973936
368471336
5072531988
2313987499
3376987223
193353314
160218527
304588480
2349737658
3161050382
4012478216
2995696559
499369624
4915231535
2943870591
6566447175
3157696481
3147929451
168420083
5365856062
5752038920
5067105458
6723756752
5670311723
3407365576
2354709353
5055537406
316548561
3418538719
5285812468
5260503589
2419983622
5001920573
2434166013
1279643138
3372669359
3416907199
5340091534
4205895870
79771051
357960186
3136126562
3043016031
2328825210
3051316256
5444029095
1196308740
2350687378
3348057653
2316154475
1296314385
3273697036
3197589871
1187941646
3407418506
1296312415
2349764314
370341751
3450806764
2381318093
5286697008
2964326363
2352717801
3314925376
2317818242
2310385130
951229731
2324378579
3056036054
3014551881
3376902543
2355211585
2351287945
2962637336
3436156738
283223804
349996711
4501058341
544009291
3476692997
951224428
1259447
318609298
862739859
951223220
2322428706
284202692
166365397
336820282
2624678851
2779708508
1527319641
2350051291
841939383
2352137333
2559397045
6033992079
2358802700
2392064397
2953319785
588305231
2351515021
6743520453
2338623627
3099579908
2452613208
3022343853
265968230
2340447825
5861855935
3377062370
3423825139
2342506084
3267535369
148853286
5415113542
3061738313
6678709311
166365494
2335807878
2367544370
951232316
276461534
1217948972
5865139884
3375405507
5738609600
2889895799
776597598
2336113619
2311799098
449004004
5225841740
821388195
5279245651
1455866402
6169596452
4510872650
1218925571
2988076770
2327047828
2352714982
3216301087
783194424
1716043371
32800638
3379666832
6124332098
5574657079
1144327564
4528974370
1593138744
3225406757
3338123953
1401628712
5835358417
2467356521
2349259075
2353308069
3068838660
5335700547
5264986343
2954041208
275364336
3389073880
2824892573
5685313659
2944781944
634600720
3098053
3061207624
606787197
5163525802
3419834382
5326037069
3485107034
193349501
26461379
5068351018
2317964259
357960357
839098418
2376457128
3433448761
3202551672
3059514539
5313356128
5339371092
2370193726
2352905758
3309588494
2359926770
1588944509
5220823465
3283134711
2414326233
2314755656
4030793905
160218449
2351169458
3062800211
3175972828
2315063510
4540543992
2796287997
5293607398
3093497827
5786455375
1387489903
2353354200
849894867
839090988
951408894
2437333876
2868033830
2319408537
3440615586
763353270
3335939361
5877076283
4401332019
2532743186
2959889950
2386461481
477490047
2326957145
153254536
2318284761
34630191
5913389486
1593140491
409429662
2325007934
108476019
2347257417
434111903
3308028694
3470896953
193349264
2349731237
3149368931
3452138573
2357968414
2423779576
2353860430
5484291500
1238041111
2312864659
2349733894
5195182922
1041225636
5174262627
96682933
3344316672
1654104012
2309417718
5243755942
4340891624
1262916502
3035729320
4861959596
4071206631
3200978667
3433945362
3073404638
6623033490
4132850331
2963815467
3377995486
436488578
3347440179
5230625186
2353035791
3349725763
157895874
251137583
3342110641
3030237088
6220480611
373480250
2410335497
6521864
3376987490
6772401053
3170124689
645101555
6720582007
6741808894
2944484697
6613250660
6268102725
2349926199
5171938295
2337932154
713780433
8240568
2429331283
6701912352
6706326910
2408861673
3450454616
6355008205
960445950
3293775919
5294292857
2353482161
3101945915
3047686394
3470476011
5459338241
2329680099
1697747981
2419973746
5257513057
3377997686
5155382083
2347090110
3407275606
2353001689
3101395588
3404796724
2316300200
3376967400
406933750
864253466
6458855378
5184715850
3219571114
3071085434
5253012253
6033990027
283225128
5196358012
3277275829
1202030348
2433597660
4330525121
2355395924
1032206116
121487749
3311060161
2995415997
839945659
3226735960
6806617007
3400736185
2349983718
5210645620
3468227399
3357424764
606872527
3092326389
3148615389
2311066697
3251386091
3072273751
6298808948
5248473604
2333237078
1733795576
1433828182
230984424
3369069369
2337008574
3168234798
476244808
6919020876
2324141785
2943870593
3409723804
2349980772
6530401441
2535880244
5319876848
2352828773
2322603497
3393115763
3153339797
2990600881
3474905377
5067927048
165195495
432119109
2311664770
3213240499
4509359872
6191946276
4400659345
3008951887
2956888559
5242511475
713781213
3435221348
6717498789
5503363138
2628294843
1064294660
772465261
3159453016
2572076697
351747740
157896119
3412369799
265968260
5283665214
2550030776
5064186864
5017716620
5186060325
1351364060
204876243
2878831800
2327305295
3276010718
5260125418
2718803001
2431682390
1144205796
2352124078
2322263372
5817721883
2330312914
5628236504
2331756331
863035507
2309355029
5655809813
2343724394
2311664771
3377016468
2351183039
3312514903
3268291863
2435811767
1393652950
2323248961
3402312145
5349426062
5714192581
4987931468
2347414270
5001921034
6024027473
597940770
628958478
152340544
3146702026
226901373
1598693432
284202841
2974321748
3377042321
2352960316
5615875305
3029533231
5663161656
4052156913
3422822627
3272701961
3450434338
3219173092
799927856
4129177803
5413922381
3120129199
1147738249
4814639653
735535579
5364597827
3455392614
5253012191
2986007373
5277627231
2833395669
2350038217
3458271983
3286758465
5078832352
2321570861
3438878023
3394649415
5401360947
3228649380
291407522
5256889797
3130570475
5977709466
3377989681
3480650479
3166782791
27145564
2349314794
3443973640
3047619177
2324806944
3397659845
2597733659
2979173752
25636351
3289996999
3050691616
5231545972
6254522252
1078084539
6179479461
3287147549
306694918
3305207022
2328379292
3100391721
432651573
3376774260
3474336968
2462811021
2349578728
3228901180
2431401789
6288215615
5380455632
6336180632
5832097119
3377967931
3450479155
2350315842
81035891
1561962293
3030601409
3399003147
2351334690
2425072880
4357255082
2349763523
355751496
3218017248
6763619147
3224642077
6523652826
321029068
4062142806
2351535845
5183550716
950612424
3299026309
3040305002
5923627457
5349489435
3384224772
2419660230
951228287
3462640298
3147468756
2351661975
6752966793
499369073
2401022483
3195449139
75557180
2351741691
2349480669
2943393128
951276995
2857223094
3211382436
984397040
2311413888
3195293203
2452961393
4301681753
2437298525
432937215
2843513
3439108451
144175852
2351598129
5839937549
356023050
2407505801
1461123574
1115938359
2329305068
6020493156
6238503399
3172026349
3042993347
5876894566
3450458557
144151560
3109643098
3115369823
4393296232
2558318250
1738679073
1112011329
850858089
2349691022
3406518886
755360241
513830954
2349590375
5292437767
6700393932
3277435829
3435600759
3369164362
1018308686
6018421749
2351137361
575686235
2977789143
2350374436
4984632302
364819633
1284779245
4521093297
423201988
951421609
3144289565
6355142136
5329546967
3151068211
208952791
3367903058
3116542394
3073539758
5439927077
2392894659
3300014492
3376987075
3100544008
3438895802
5951804898
3092152267
6588461709
2345131612
6007771068
595960189
2425114134
3196143157
2392894647
3298246689
5416354083
2342950734
196624701
493593916
284778191
4136731755
308103570
6688734791
5087280756
5423384074
3308501689
352937621
3277053216
2447557241
3112330267
5825848704
246209649
3374714375
2416792229
2351551558
1415999486
283028905
5247235518
276269552
3389750262
3450610176
953058763
3414445664
3268599697
372465778
3345261394